-0.998715063
-0.998669978
-0.998587321
-0.998489636
-0.998399465
-0.998429522
-0.99849715
-0.998452065
-0.998414493
-0.99860235
-0.998564778
-0.998489636
-0.998399465
-0.998384436
-0.998264209
-0.998159009
-0.998159009
-0.99819658
-0.998219123
-0.998264209
-0.998331837
-0.998316808
-0.998331837
-0.998241666
-0.998211609
-0.998181552
-0.998211609
-0.998264209
-0.998256694
-0.998309294
-0.998316808
-0.998316808
-0.99860235
-0.99890292
-0.999015633
-0.998730092
-0.99854975
-0.99844455
-0.99849715
-0.998594835
-0.998685006
-0.998700035
-0.998700035
-0.998692521
-0.998639921
-0.998647435
-0.998617378
-0.998639921
-0.998639921
-0.998647435
-0.99860235
-0.998557264
-0.998692521
-0.998760149
-0.998752635
-0.998737606
-0.998767663
-0.998820263
-0.998767663
-0.998767663
-0.998700035
-0.998654949
-0.998662464
-0.998790206
-0.998910434
-0.998932977
-0.998970548
-0.99909829
-0.999278632
-0.999293661
-0.99934626
-0.999361289
-0.999383832
-0.999541631
-0.999669373
-0.999842201
-0.999842201
-1
-0.999909829
-0.999759544
-0.999616773
-0.999564174
-0.999601745
-0.999609259
-0.999609259
-0.999661859
-0.999616773
-0.999549145
-0.999541631
-0.999489031
-0.999436431
-0.999458974
-0.999406374
-0.999436431
-0.999443946
-0.999458974
-0.999361289
-0.999263604
-0.999308689
-0.999218518
-0.999090776
-0.999075747
-0.999015633
-0.998993091
-0.998880377
-0.998534721
-0.998346865
-0.998354379
-0.998211609
-0.998143981
-0.998068838
-0.998159009
-0.998467093
-0.998452065
-0.998286751
-0.998151495
-0.998159009
-0.998046295
-0.997835896
-0.997663069
-0.99740007
-0.997415098
-0.997362499
-0.997377527
-0.997167128
-0.997107014
-0.997279842
-0.997392556
-0.997354984
-0.997430127
-0.99740007
-0.997535326
-0.997602955
-0.99770064
-0.997708154
-0.997708154
-0.997760754
-0.997783297
-0.997542841
-0.997407584
-0.997362499
-0.997490241
-0.997685611
-0.997663069
-0.997685611
-0.997783297
-0.997730697
-0.997640526
-0.997715668
-0.997678097
-0.997745725
-0.997941096
-0.99789601
-0.998008724
-0.99794861
-0.998038781
-0.998159009
-0.99805381
-0.998068838
-0.99824918
-0.998557264
-0.998700035
-0.998700035
-0.998489636
-0.99860235
-0.998715063
-0.998782692
-0.998790206
-0.998865348
-0.998767663
-0.998760149
-0.998767663
-0.998805234
-0.998820263
-0.998700035
-0.998512179
-0.998557264
-0.998354379
-0.998113924
-0.998143981
-0.998143981
-0.998068838
-0.998151495
-0.998204095
-0.998279237
-0.998106409
-0.998046295
-0.998016238
-0.997911039
-0.997805839
-0.99770064
-0.997813354
-0.997858439
-0.997888496
-0.997790811
-0.997693126
-0.997617983
-0.997745725
-0.997850925
-0.997956124
-0.998008724
-0.998143981
-0.998068838
-0.998091381
-0.998061324
-0.998083867
-0.998234152
-0.998219123
-0.998166523
-0.998286751
-0.998189066
-0.998106409
-0.998008724
-0.998031267
-0.998113924
-0.998189066
-0.998113924
-0.998068838
-0.998151495
-0.998159009
-0.99805381
-0.997986181
-0.998068838
-0.998016238
-0.997918553
-0.997993696
-0.998031267
-0.99805381
-0.998008724
-0.99805381
-0.998083867
-0.99800121
-0.997828382
-0.997858439
-0.997888496
-0.997986181
-0.99805381
-0.998234152
-0.998512179
-0.998594835
-0.998414493
-0.998369408
-0.998437036
-0.998316808
-0.998331837
-0.998406979
-0.998467093
-0.998346865
-0.998046295
-0.998046295
-0.998106409
-0.997986181
-0.997911039
-0.997903525
-0.997858439
-0.997865953
-0.997865953
-0.997888496
-0.997888496
-0.997828382
-0.997933582
-0.997850925
-0.997865953
-0.997911039
-0.997835896
-0.997911039
-0.998061324
-0.998061324
-0.998414493
-0.998587321
-0.998910434
-0.998985576
-0.998767663
-0.998669978
-0.998617378
-0.998737606
-0.998805234
-0.998760149
-0.998662464
-0.998617378
-0.99874512
-0.998790206
-0.998857834
-0.998737606
-0.998685006
-0.998790206
-0.998790206
-0.998820263
-0.998857834
-0.99890292
-0.99890292
-0.998767663
-0.998587321
-0.998519693
-0.998504664
-0.998452065
-0.998429522
-0.998482122
-0.99860235
-0.998805234
-0.998842806
-0.998707549
-0.998760149
-0.998730092
-0.99874512
-0.998805234
-0.999015633
-0.999188461
-0.999038176
-0.998970548
-0.998760149
-0.998880377
-0.998880377
-0.998910434
-0.99890292
-0.999000605
-0.998985576
-0.998842806
-0.998700035
-0.998482122
-0.998309294
-0.998429522
-0.998557264
-0.998482122
-0.998384436
-0.998391951
-0.998557264
-0.998617378
-0.998391951
-0.99824918
-0.998234152
-0.998091381
-0.998098895
-0.998181552
-0.99805381
-0.997805839
-0.997482727
-0.997309899
-0.997242271
-0.997182157
-0.997385041
-0.997490241
-0.997332442
-0.997212214
-0.997264813
-0.997287356
-0.997197185
-0.997527812
-0.997467698
-0.997385041
-0.99734747
-0.997287356
-0.997512784
-0.99764804
-0.99764804
-0.997587926
-0.997693126
-0.997535326
-0.997182157
-0.996889101
-0.996738816
-0.996603559
-0.996408189
-0.995934791
-0.996242876
-0.995664278
-0.996092591
-0.996009934
-0.996039991
-0.996107619
-0.995979877
-0.996077562
-0.99594982
-0.99589722
-0.995889706
-0.995679307
-0.995694335
-0.995731907
-0.995589136
-0.995416308
-0.99540128
-0.995611679
-0.995859649
-0.99600242
-0.995694335
-0.995731907
-0.995979877
-0.996227847
-0.996340561
-0.996656159
-0.996904129
-0.997069443
-0.997189671
-0.99734747
-0.997332442
-0.997114528
-0.997031872
-0.997167128
-0.997182157
-0.997061929
-0.997167128
-0.997159614
-0.996956729
-0.996783901
-0.99655096
-0.996227847
-0.995912249
-0.995852135
-0.995716878
-0.995438851
-0.995250995
-0.995333651
-0.995664278
-0.995589136
-0.995386251
-0.995138281
-0.995115738
-0.995018053
-0.995055624
-0.994882797
-0.994634826
-0.994687426
-0.994867768
-0.994965453
-0.995153309
-0.995063138
-0.99524348
-0.994740026
-0.994514598
-0.994740026
-0.994589741
-0.994657369
-0.994867768
-0.995093195
-0.995776992
-0.995746935
-0.995964848
-0.996160219
-0.995934791
-0.996393161
-0.996453275
-0.997061929
-0.997354984
-0.997114528
-0.996904129
-0.997091986
-0.996889101
-0.996611074
-0.996318018
-0.996310504
-0.996100105
-0.99584462
-0.995912249
-0.995837106
-0.995416308
-0.995266023
-0.99524348
-0.995438851
-0.99534868
-0.99504811
-0.994815168
-0.994687426
-0.994582227
-0.994401885
-0.99439437
-0.994364313
-0.994401885
-0.994311714
-0.994477027
-0.99474754
-0.994567198
-0.99474754
-0.994867768
-0.995213423
-0.995559079
-0.99540128
-0.995356194
-0.99504811
-0.995055624
-0.995250995
-0.995085681
-0.994965453
-0.99504811
-0.995078167
-0.994927882
-0.994785111
-0.994815168
-0.995160824
-0.995536536
-0.995498965
-0.995235966
-0.995205909
-0.995198395
-0.995258509
-0.995063138
-0.994845225
-0.99485274
-0.99485274
-0.994845225
-0.994679912
-0.994642341
-0.994657369
-0.994740026
-0.995003024
-0.995063138
-0.995311109
-0.995438851
-0.995446365
-0.995626707
-0.99594982
-0.995867163
-0.99570185
-0.995641736
-0.99584462
-0.99600242
-0.996009934
-0.995761964
-0.995679307
-0.995799535
-0.99594982
-0.995912249
-0.995942306
-0.996280447
-0.996280447
-0.996280447
-0.996280447
-0.996280447
-0.996528417
-0.996430732
-0.996505874
-0.996363104
-0.995934791
-0.996077562
-0.996009934
-0.996032477
-0.995776992
-0.99554405
-0.995183366
-0.99494291
-0.994927882
-0.995040596
-0.995138281
-0.995160824
-0.995235966
-0.995085681
-0.995018053
-0.995115738
-0.995063138
-0.994777597
-0.99455217
-0.994379342
-0.994687426
-0.994860254
-0.995266023
-0.995055624
-0.995160824
-0.995393765
-0.995258509
-0.995446365
-0.995641736
-0.99594982
-0.996280447
-0.996761359
-0.996941701
-0.996633616
-0.996468303
-0.996581017
-0.996633616
-0.996460789
-0.996453275
-0.996408189
-0.996355589
-0.996385646
-0.99614519
-0.995994905
-0.996115133
-0.996152705
-0.996130162
-0.99594982
-0.995746935
-0.995311109
-0.995130767
-0.994905339
-0.995386251
-0.995281052
-0.994935396
-0.995145795
-0.99534868
-0.995416308
-0.995964848
-0.995536536
-0.995589136
-0.995994905
-0.996100105
-0.996107619
-0.996340561
-0.996137676
-0.996130162
-0.996430732
-0.996934186
-0.996708759
-0.99674633
-0.996881587
-0.996859044
-0.996701245
-0.997129557
-0.997144585
-0.997204699
-0.997084471
-0.997016843
-0.99674633
-0.996558474
-0.996565988
-0.99644576
-0.996235361
-0.995882192
-0.995641736
-0.99570185
-0.995656764
-0.995416308
-0.99524348
-0.995093195
-0.995438851
-0.995453879
-0.995363708
-0.995078167
-0.994965453
-0.995213423
-0.995536536
-0.995784506
-0.995994905
-0.995964848
-0.995927277
-0.996017448
-0.995837106
-0.995626707
-0.995416308
-0.995386251
-0.995513993
-0.995664278
-0.995686821
-0.995566593
-0.995266023
-0.995033081
-0.99510071
-0.995190881
-0.994807654
-0.994416913
-0.994101315
-0.994033686
-0.994244085
-0.994326742
-0.994078772
-0.993936001
-0.993710574
-0.99359786
-0.993402489
-0.993116948
-0.992838921
-0.992688636
-0.992545865
-0.992530837
-0.993177062
-0.993425032
-0.993364918
-0.992951635
-0.992568408
-0.992192695
-0.99204241
-0.992267838
-0.992140096
-0.991914668
-0.991982296
-0.991786926
-0.991629127
-0.991373642
-0.991005444
-0.990862673
-0.990614703
-0.990006049
-0.989322252
-0.989517623
-0.989232081
-0.988931511
-0.988878912
-0.989036711
-0.988337886
-0.987473747
-0.987022892
-0.987759289
-0.987654089
-0.987188206
-0.986143725
-0.985820612
-0.984723532
-0.984655904
-0.983370967
-0.983273282
-0.982942655
-0.983055369
-0.982769827
-0.982401629
-0.980650809
-0.979433501
-0.978531791
-0.981019007
-0.986587066
-0.985970897
-0.985737956
-0.984716018
-0.984062278
-0.982920112
-0.984062278
-0.985880726
-0.986226382
-0.986429266
-0.986436781
-0.988585856
-0.989562708
-0.99039679
-0.99004362
-0.989126882
-0.988878912
-0.990133791
-0.991283471
-0.991629127
-0.991283471
-0.991606584
-0.993162034
-0.994349285
-0.994244085
-0.995709364
-0.995814563
-0.995867163
-0.99584462
-0.997332442
-0.997911039
-0.998467093
-0.998286751
-0.996393161
-0.99584462
-0.996701245
-0.996753844
-0.996926672
-0.996723787
-0.997354984
-0.997370013
-0.996874072
-0.995386251
-0.994244085
-0.993612888
-0.994033686
-0.994101315
-0.994875282
-0.994702455
-0.994559684
-0.994131372
-0.99354526
-0.993981087
-0.99384583
-0.994679912
-0.994582227
-0.994935396
-0.995213423
-0.995378737
-0.995326137
-0.995138281
-0.995093195
-0.995093195
-0.995303594
-0.995731907
-0.995258509
-0.994724997
-0.99444697
-0.994048715
-0.993507689
-0.993327347
-0.993094405
-0.992252809
-0.992252809
-0.991711783
-0.991118158
-0.990885216
-0.990870188
-0.991463813
-0.991012958
-0.990359219
-0.990126277
-0.98999102
-0.989359824
-0.989006654
-0.989232081
-0.988833826
-0.988443085
-0.988458114
-0.989269653
-0.989840735
-0.990299105
-0.98960028
-0.989472537
-0.991253414
-0.992823892
-0.993635431
-0.993770688
-0.993552774
-0.993755659
-0.994304199
-0.994619798
-0.99455217
-0.994379342
-0.992853949
-0.99280135
-0.993222147
-0.992237781
-0.992230267
-0.992515808
-0.992658579
-0.992733721
-0.992741236
-0.993913458
-0.993612888
-0.993462603
-0.993252204
-0.993379947
-0.992455694
-0.992358009
-0.992530837
-0.992756264
-0.992808864
-0.992868978
-0.992921578
-0.992831407
-0.994101315
-0.994785111
-0.994544655
-0.994386856
-0.994063743
-0.993988601
-0.993800745
-0.994138886
-0.994123857
-0.994619798
-0.994574712
-0.994807654
-0.994965453
-0.994717483
-0.994341771
-0.994379342
-0.994356799
-0.994664883
-0.995010539
-0.995468908
-0.995341166
-0.995551565
-0.995904734
-0.996160219
-0.996092591
-0.995792021
-0.995559079
-0.99559665
-0.995529022
-0.99504811
-0.994935396
-0.994897825
-0.994469513
-0.994018658
-0.993733116
-0.993455089
-0.993116948
-0.992959149
-0.992771293
-0.993229662
-0.993041806
-0.993124462
-0.993537746
-0.993425032
-0.993147005
-0.993207119
-0.992959149
-0.993116948
-0.992959149
-0.992530837
-0.992282866
-0.992425637
-0.992583436
-0.992350495
-0.992418123
-0.992207724
-0.991914668
-0.991576527
-0.991584041
-0.991321043
-0.990915273
-0.990712388
-0.99094533
-0.990907759
-0.99014882
-0.989652879
-0.98924711
-0.989029197
-0.988510713
-0.988473142
-0.988878912
-0.988029802
-0.987999745
-0.988089916
-0.988488171
-0.988751169
-0.990712388
-0.990967873
-0.991012958
-0.990682331
-0.990622217
-0.990178877
-0.990659789
-0.991080587
-0.991275957
-0.990900245
-0.990201419
-0.990434361
-0.990734931
-0.990441875
-0.990577132
-0.990757474
-0.990907759
-0.991456299
-0.991306014
-0.990479447
-0.989915878
-0.989412423
-0.989712993
-0.990073677
-0.990208934
-0.989885821
-0.990562103
-0.990637246
-0.990509504
-0.990952844
-0.990847645
-0.990862673
-0.99094533
-0.991553984
-0.990960359
-0.990562103
-0.990411818
-0.990111248
-0.989945935
-0.989622822
-0.989367338
-0.989119368
-0.989014168
-0.98864597
-0.988195115
-0.987969688
-0.988991625
-0.988202629
-0.987714203
-0.987120577
-0.987150634
-0.987210748
-0.986113668
-0.985520042
-0.98579807
-0.985580156
-0.985572642
-0.985858184
-0.985572642
-0.984851274
-0.984407934
-0.984498105
-0.984986531
-0.984460533
-0.983874422
-0.984205049
-0.984159963
-0.984212563
-0.984220077
-0.983731651
-0.983205654
-0.983130511
-0.983431081
-0.983821822
-0.983243225
-0.982484286
-0.982379086
-0.982619542
-0.982521857
-0.983483681
-0.983385996
-0.984054764
-0.983799279
-0.983724137
-0.984565733
-0.984039735
-0.98364148
-0.98339351
-0.982920112
-0.982499314
-0.982086031
-0.98128952
-0.980462953
-0.980290125
-0.979410958
-0.978960103
-0.978419077
-0.977870537
-0.976923742
-0.975774062
-0.975300664
-0.974406468
-0.974624381
-0.973677586
-0.973797814
-0.972159708
-0.969973061
-0.970168432
-0.96873321
-0.970408888
-0.968274841
-0.967959243
-0.968875981
-0.968665582
-0.966366222
-0.965945424
-0.967080076
-0.96728296
-0.965396884
-0.965614797
-0.966854648
-0.967305503
-0.967666187
-0.967155218
-0.967914157
-0.96938695
-0.968966152
-0.968199699
-0.966899734
-0.966321136
-0.965599769
-0.967606073
-0.969003723
-0.971062628
-0.971731396
-0.971746424
-0.971152798
-0.971047599
-0.970408888
-0.97023606
-0.969214122
-0.968425126
-0.967500874
-0.966208423
-0.965261627
-0.963766292
-0.962601583
-0.961857673
-0.960257138
-0.960895849
-0.959851368
-0.959145029
-0.958498803
-0.958874516
-0.957161267
-0.957416752
-0.9591826
-0.959220171
-0.959047344
-0.957672236
-0.958446204
-0.96013691
-0.960707993
-0.960174481
-0.960557708
-0.959024801
-0.960091824
-0.959588369
-0.960865792
-0.961677331
-0.960369851
-0.959370456
-0.957176296
-0.955335305
-0.953870026
-0.952585089
-0.952081635
-0.952742889
-0.952878145
-0.951112297
-0.951510552
-0.950954497
-0.948640109
-0.948144168
-0.950150473
-0.949286334
-0.949233734
-0.950916926
-0.954719136
-0.960249623
-0.959242714
-0.958078005
-0.958468746
-0.959843854
-0.95693584
-0.954982135
-0.953163687
-0.952517461
-0.952705317
-0.950383415
-0.949346448
-0.949368991
-0.950150473
-0.948715251
-0.947310087
-0.94717483
-0.947482914
-0.946318206
-0.944604957
-0.943898618
-0.942839109
-0.941982484
-0.941396373
-0.941757057
-0.939517811
-0.940434549
-0.93937504
-0.938292988
-0.937849647
-0.938961756
-0.937338678
-0.936865281
-0.936805167
-0.935948542
-0.934964176
-0.938150217
-0.938247903
-0.937060651
-0.934889033
-0.933378669
-0.932807586
-0.933123185
-0.931928419
-0.932401817
-0.935264746
-0.93322087
-0.936842738
-0.937383764
-0.937549077
-0.941448973
-0.943583019
-0.944093988
-0.941193488
-0.940938004
-0.938593558
-0.936406912
-0.934858976
-0.933701782
-0.932476959
-0.933348612
-0.932161361
-0.931049252
-0.930057371
-0.930170085
-0.93242436
-0.930440598
-0.930635968
-0.933859581
-0.935106947
-0.930162571
-0.928509436
-0.926533189
-0.926683474
-0.928329094
-0.925932049
-0.924053486
-0.922851207
-0.922024639
-0.925406051
-0.925781764
-0.927434898
-0.925932049
-0.923452347
-0.927555126
-0.930883939
-0.931282194
-0.931034224
-0.930275285
-0.929756801
-0.933589068
-0.934190208
-0.936557197
-0.935437573
-0.937466421
-0.944898013
-0.945251183
-0.945153497
-0.943500363
-0.939998723
-0.938653672
-0.9387213
-0.934385579
-0.931800677
-0.929080519
-0.927209471
-0.924654626
-0.925706621
-0.9271193
-0.927660326
-0.928982834
-0.927359756
-0.928945262
-0.932334189
-0.927532584
-0.924429199
-0.923001492
-0.921122929
-0.920296362
-0.921122929
-0.920897502
-0.921498642
-0.918643227
-0.919845507
-0.919695222
-0.915562385
-0.913758965
-0.913082683
-0.916238668
-0.917591232
-0.919169225
-0.921498642
-0.923302062
-0.922550637
-0.924053486
-0.922700922
-0.919544937
-0.925406051
-0.930831339
-0.929831944
-0.931830734
-0.928832549
-0.932574645
-0.93467112
-0.934580949
-0.942455882
-0.944920556
-0.950864326
-0.949872446
-0.948144168
-0.951653323
-0.947528
-0.941862256
-0.939097013
-0.938390673
-0.934348007
-0.93261973
-0.932552102
-0.937646763
-0.938428245
-0.935497687
-0.93437055
-0.935400002
-0.929268375
-0.926458046
-0.926082334
-0.925481194
-0.926007191
-0.925556336
-0.923752916
-0.924429199
-0.922776064
-0.925481194
-0.926007191
-0.923377204
-0.924053486
-0.926157476
-0.926458046
-0.927622755
-0.927840668
-0.927442413
-0.926758616
-0.928599607
-0.929741773
-0.931612821
-0.931207051
-0.931552707
-0.934235294
-0.935189603
-0.935309831
-0.932386788
-0.928855091
-0.928667235
-0.929020405
-0.923978344
-0.923978344
-0.926458046
-0.930883939
-0.929831944
-0.927126814
-0.928238923
-0.926833759
-0.925330909
-0.927111786
-0.925631479
-0.924880054
-0.921348357
-0.920446647
-0.923527489
-0.924128629
-0.921047787
-0.91871837
-0.9154121
-0.923377204
-0.924654626
-0.921122929
-0.915938098
-0.912030688
-0.909250416
-0.906996141
-0.904215869
-0.900083032
-0.901736167
-0.90211188
-0.905568434
-0.901961595
-0.901059885
-0.903088732
-0.902637877
-0.905042437
-0.904666724
-0.913157826
-0.912030688
-0.909701271
-0.909024989
-0.91390925
-0.91601324
-0.918793512
-0.914660675
-0.914585533
-0.91962008
-0.919845507
-0.91962008
-0.910076983
-0.902337307
-0.898279613
-0.89730276
-0.893620778
-0.891742216
-0.887909949
-0.883551685
-0.878742566
-0.877014288
-0.876563433
-0.880019988
-0.876413148
-0.876037436
-0.877915998
-0.878517138
-0.877014288
-0.883852255
-0.883777112
-0.883626827
-0.884378252
-0.887008239
-0.888511089
-0.878517138
-0.877239716
-0.878216568
-0.877089431
-0.878441996
-0.873106879
-0.866118627
-0.867245765
-0.866344055
-0.863112928
-0.860107228
-0.857402099
-0.860558083
-0.863714068
-0.862136076
-0.853644974
-0.84628101
-0.845604728
-0.837188769
-0.827495388
-0.823212266
-0.822836554
-0.817726865
-0.821559132
-0.817952292
-0.822986839
-0.823663121
-0.81787715
-0.815247162
-0.803299507
-0.790976139
-0.78225961
-0.784664169
-0.784814454
-0.775571928
-0.769034532
-0.754532031
-0.762572278
-0.791502136
-0.817952292
-0.820957992
-0.813819455
-0.808108626
-0.802397797
-0.804727214
-0.809611476
-0.798640672
-0.799842952
-0.803900647
-0.80066952
-0.793606126
-0.798415245
-0.794282408
-0.787594727
-0.781132472
-0.782109325
-0.774895646
-0.766179117
-0.758815153
-0.752653469
-0.741607523
-0.741081526
-0.741006383
-0.746416643
-0.740104673
-0.74658947
-0.753743035
-0.747724122
-0.747934521
-0.738864822
-0.731245374
-0.731515887
-0.753517608
-0.765044466
-0.771273778
-0.765134637
-0.755020458
-0.757470103
-0.729840209
-0.722310932
-0.716750388
-0.718020296
-0.717794869
-0.716337104
-0.709446538
-0.711099673
-0.711340129
-0.712061497
-0.710115306
-0.689398522
-0.692043538
-0.695950947
-0.695913376
-0.690352832
-0.69526715
-0.69017249
-0.688008386
-0.687595102
-0.692088623
-0.68431889
-0.674700651
-0.675008735
-0.670147016
-0.663789962
-0.66911005
-0.667479458
-0.665367954
-0.665946551
-0.660806805
-0.656967024
-0.653465384
-0.654224323
-0.651924963
-0.646634931
-0.647694441
-0.653533012
-0.665991637
-0.663233907
-0.660280807
-0.662858195
-0.653209899
-0.651166024
-0.653533012
-0.655637002
-0.660010295
-0.65245096
-0.639924707
-0.631486206
-0.620395174
-0.608447519
-0.596770376
-0.583229699
-0.58192222
-0.567149207
-0.564030793
-0.554555326
-0.540248196
-0.17339505
-0.150867332
-0.171088176
-0.183794771
-0.162213848
-0.162551989
-0.12368078
-0.100935148
-0.114310511
-0.10061955
-0.10417379
-0.127069706
-0.116662471
-0.098650817
-0.083629833
-0.082104441
-0.080864589
-0.106382979
-0.072260774
-0.05370058
-0.041181841
-0.042744805
-0.029902953
-0.023568442
-0.032705768
-0.060388261
-0.055075687
-0.034854843
-0.011868756
0.022426276
0.041407269
0.062281852
0.068097881
0.08360729
0.055165858
0.097764135
0.133456817
0.135748663
0.140647954
0.090986283
0.122921841
0.154887455
0.097576279
0.109471335
0.033983191
0.01603165
-0.012469896
0.027753878
0.052363043
0.005797243
-0.057262334
-0.039122937
-0.087604871
-0.274070957
-0.338513156
-0.342630964
-0.351633034
-0.396981526
-0.433125063
-0.36473037
-0.323958055
-0.306141771
-0.29885295
-0.243315136
-0.217150522
-0.199785092
-0.18444851
-0.167684221
-0.157765413
-0.183629457
-0.136372346
-0.102355341
-0.156653304
-0.187987722
-0.190662794
-0.185042136
-0.15889255
-0.121697018
-0.101175604
-0.069134847
-0.038258798
-0.00932894
-0.021825136
-0.001521635
0.003588054
-0.034749644
-0.006270641
-0.111379954
-0.119968741
-0.094916235
-0.080488877
-0.067789796
-0.024763207
0.014243259
0.041858123
0.03974662
0.005812272
-0.007555577
0.019721146
0.052535871
0.082570324
0.078362345
0.045818133
0.066692716
0.110358016
0.134335985
0.163280871
0.178211684
0.230165201
0.214332678
0.251836295
0.252895804
0.265730141
0.290421963
0.338144957
0.356359497
0.367315272
0.363317691
0.39824392
0.398799974
0.417968823
0.461040498
0.480585059
0.471891073
0.495711242
0.453661506
0.534289396
0.541578218
0.521973542
0.562565515
0.560904866
0.572078554
0.584912891
0.575407366
0.571537528
0.530757699
0.459026679
0.51944124
0.561378264
0.541435447
0.439632403
0.428977198
0.517292165
0.557561025
0.55005429
0.563835423
0.612685555
0.629254474
0.61929058
0.608267177
0.624775981
0.686122309
0.707530405
0.748700974
0.776436067
0.770792866
0.797874219
0.826909277
0.842020431
0.843613452
0.871130631
0.919342052
0.946851718
1
